1 0.5716145833333334 0.1015625 0.0390625 0.044270833333333336
1 0.9791666666666666 0.2975260416666667 0.0390625 0.04296875
1 0.900390625 0.3880208333333333 0.05859375 0.0703125
1 0.34244791666666663 0.927734375 0.08072916666666667 0.10546875
1 0.6126302083333334 0.022135416666666668 0.03515625 0.044270833333333336
1 0.49609375 0.4557291666666667 0.09635416666666667 0.1328125
1 0.685546875 0.251953125 0.05859375 0.08203125
1 0.474609375 0.3111979166666667 0.07942708333333333 0.109375
1 0.12369791666666667 0.7623697916666667 0.044270833333333336 0.045572916666666664
1 0.19401041666666666 0.05013020833333333 0.0390625 0.04296875
