1 0.8092447916666666 0.07486979166666666 0.08203125 0.07421875
1 0.2994791666666667 0.6634114583333334 0.044270833333333336 0.045572916666666664
1 0.8072916666666667 0.8639322916666666 0.07291666666666667 0.06640625
1 0.16145833333333331 0.7805989583333334 0.059895833333333336 0.053385416666666664
1 0.4270833333333333 0.4368489583333333 0.07291666666666667 0.07421875
1 0.9368489583333334 0.9029947916666667 0.06901041666666667 0.07682291666666667
1 0.19401041666666669 0.9322916666666667 0.08854166666666667 0.08854166666666667
1 0.07877604166666666 0.197265625 0.05859375 0.061197916666666664
1 0.8385416666666667 0.763671875 0.07291666666666667 0.07161458333333333
1 0.6549479166666666 0.044270833333333336 0.078125 0.08854166666666667
