1 0.603515625 0.5397135416666667 0.07421875 0.061197916666666664
1 0.419921875 0.13346354166666669 0.07942708333333333 0.08984375
1 0.5944010416666666 0.125 0.07161458333333333 0.0546875
1 0.7766927083333334 0.6497395833333334 0.061197916666666664 0.0546875
1 0.4459635416666667 0.22981770833333334 0.05859375 0.04296875
1 0.6529947916666667 0.051432291666666664 0.07682291666666667 0.061197916666666664
1 0.43033854166666663 0.6705729166666666 0.07682291666666667 0.07552083333333333
1 0.5859375 0.7623697916666666 0.049479166666666664 0.055989583333333336
1 0.9231770833333334 0.31315104166666663 0.0390625 0.037760416666666664
1 0.533203125 0.4309895833333333 0.06380208333333333 0.0546875
1 0.10872395833333333 0.8118489583333334 0.037760416666666664 0.037760416666666664
1 0.9205729166666666 0.62109375 0.052083333333333336 0.046875
1 0.3359375 0.17903645833333334 0.0546875 0.05859375
