1 0.22981770833333331 0.40234375 0.048177083333333336 0.0546875
1 0.8274739583333333 0.951171875 0.040364583333333336 0.032552083333333336
1 0.4635416666666667 0.763671875 0.044270833333333336 0.045572916666666664
1 0.39192708333333337 0.2786458333333333 0.07552083333333333 0.06510416666666667
1 0.4173177083333333 0.427734375 0.08463541666666667 0.07942708333333333
1 0.2779947916666667 0.734375 0.06901041666666667 0.0546875
1 0.9368489583333334 0.849609375 0.05078125 0.04296875
1 0.9680989583333334 0.94921875 0.061197916666666664 0.07291666666666667
1 0.474609375 0.8111979166666666 0.045572916666666664 0.036458333333333336
1 0.8352864583333334 0.035807291666666664 0.06640625 0.05859375
1 0.7200520833333334 0.7330729166666666 0.0546875 0.046875
